1	AA	2	0.0081	2
2	AB	2	0.0018	5
3	AD	2	0.0036	4
4	AE	2	0.0108	2
5	AG	2	0.0027	4
6	AH	2	0.0018	7
7	AI	2	0.0081	2
8	AL	2	0.0036	2
9	AM	2	0.0018	5
10	AN	2	0.0054	2
11	AR	2	0.0054	2
12	AS	2	0.0036	2
13	AT	2	0.0054	2
14	AW	2	0.0018	7
15	AX	2	0.0009	13
16	AY	2	0.0018	7
17	BA	2	0.0018	5
18	BE	2	0.0024	5
19	BI	2	0.0018	5
20	BO	2	0.0016	5
21	BY	2	0.0004	10
22	DE	2	0.0048	4
23	DO	2	0.0032	4
24	ED	2	0.0048	4
25	EF	2	0.0024	7
26	EH	2	0.0024	7
27	EL	2	0.0048	2
28	EM	2	0.0024	5
29	EN	2	0.0072	2
30	ER	2	0.0072	2
31	ES	2	0.0048	2
32	ET	2	0.0072	2
33	EX	2	0.0012	13
34	FA	2	0.0018	7
35	FE	2	0.0024	7
36	GO	2	0.0024	4
37	HA	2	0.0018	7
38	HE	2	0.0024	7
39	HI	2	0.0018	7
40	HM	2	0.0004	10
41	HO	2	0.0016	7
42	ID	2	0.0036	4
43	IF	2	0.0018	7
44	IN	2	0.0054	2
45	IS	2	0.0036	2
46	IT	2	0.0054	2
47	JO	2	0.0008	13
48	KA	2	0.0009	8
49	KI	2	0.0009	8
50	LA	2	0.0036	2
51	LI	2	0.0036	2
52	LO	2	0.0032	2
53	MA	2	0.0018	5
54	ME	2	0.0024	5
55	MI	2	0.0018	5
56	MM	2	0.0004	8
57	MO	2	0.0016	5
58	MU	2	0.0008	5
59	MY	2	0.0004	10
60	NA	2	0.0054	2
61	NE	2	0.0072	2
62	NO	2	0.0048	2
63	NU	2	0.0024	2
64	OD	2	0.0032	4
65	OE	2	0.0096	2
66	OF	2	0.0016	7
67	OH	2	0.0016	7
68	OI	2	0.0072	2
69	OM	2	0.0016	5
70	ON	2	0.0048	2
71	OP	2	0.0016	5
72	OR	2	0.0048	2
73	OS	2	0.0032	2
74	OW	2	0.0016	7
75	OX	2	0.0008	13
76	OY	2	0.0016	7
77	PA	2	0.0018	5
78	PE	2	0.0024	5
79	PI	2	0.0018	5
80	QI	2	0.0009	16
81	RE	2	0.0072	2
82	SH	2	0.0008	7
83	SI	2	0.0036	2
84	SO	2	0.0032	2
85	TA	2	0.0054	2
86	TI	2	0.0054	2
87	TO	2	0.0048	2
88	UH	2	0.0008	7
89	UM	2	0.0008	5
90	UN	2	0.0024	2
91	UP	2	0.0008	5
92	US	2	0.0016	2
93	UT	2	0.0024	2
94	WE	2	0.0024	7
95	WO	2	0.0016	7
96	XI	2	0.0009	13
97	XU	2	0.0004	13
98	YA	2	0.0018	7
99	YE	2	0.0024	7
100	YO	2	0.0016	7
101	ZA	2	0.0009	16
102	AAH	3	0.000162	9
103	AAL	3	0.000324	4
104	AAS	3	0.000324	4
105	ABA	3	0.000162	7
106	ABO	3	0.000144	7
107	ABS	3	7.2e-05	7
108	ABY	3	3.6e-05	12
109	ACE	3	0.000216	7
110	ACT	3	0.000108	7
111	ADD	3	0.000144	7
112	ADO	3	0.000288	6
113	ADS	3	0.000144	6
114	ADZ	3	3.6e-05	20
115	AFF	3	3.6e-05	14
116	AFT	3	0.000108	9
117	AGA	3	0.000243	6
118	AGE	3	0.000324	6
119	AGO	3	0.000216	6
120	AHA	3	0.000162	9
121	AID	3	0.000324	6
122	AIL	3	0.000324	4
123	AIM	3	0.000162	7
124	AIN	3	0.000486	4
125	AIR	3	0.000486	4
126	AIS	3	0.000324	4
127	AIT	3	0.000486	4
128	ALA	3	0.000324	4
129	ALB	3	7.2e-05	7
130	ALE	3	0.000432	4
131	ALL	3	0.000144	4
132	ALP	3	7.2e-05	7
133	ALS	3	0.000144	4
134	ALT	3	0.000216	4
135	AMA	3	0.000162	7
136	AMI	3	0.000162	7
137	AMP	3	3.6e-05	11
138	AMU	3	7.2e-05	7
139	ANA	3	0.000486	4
140	AND	3	0.000216	6
141	ANE	3	0.000648	4
142	ANI	3	0.000486	4
143	ANT	3	0.000324	4
144	ANY	3	0.000108	9
145	APE	3	0.000216	7
146	APT	3	0.000108	7
147	ARB	3	0.000108	7
148	ARC	3	0.000108	7
149	ARE	3	0.000648	4
150	ARF	3	0.000108	9
151	ARK	3	5.4e-05	11
152	ARM	3	0.000108	7
153	ARS	3	0.000216	4
154	ART	3	0.000324	4
155	ASH	3	7.2e-05	9
156	ASK	3	3.6e-05	11
157	ASP	3	7.2e-05	7
158	ASS	3	0.000144	4
159	ATE	3	0.000648	4
160	ATT	3	0.000324	4
161	AUK	3	3.6e-05	11
162	AVA	3	0.000162	9
163	AVE	3	0.000216	9
164	AVO	3	0.000144	9
165	AWA	3	0.000162	9
166	AWE	3	0.000216	9
167	AWL	3	7.2e-05	9
168	AWN	3	0.000108	9
169	AXE	3	0.000108	15
170	AYE	3	0.000216	9
171	AYS	3	7.2e-05	9
172	AZO	3	7.2e-05	19
173	BAA	3	0.000162	7
174	BAD	3	7.2e-05	9
175	BAG	3	5.4e-05	9
176	BAH	3	3.6e-05	12
177	BAL	3	7.2e-05	7
178	BAM	3	3.6e-05	11
179	BAN	3	0.000108	7
180	BAP	3	3.6e-05	11
181	BAR	3	0.000108	7
182	BAS	3	7.2e-05	7
183	BAT	3	0.000108	7
184	BAY	3	3.6e-05	12
185	BED	3	9.6e-05	9
186	BEE	3	0.000288	7
187	BEG	3	7.2e-05	9
188	BEL	3	9.6e-05	7
189	BEN	3	0.000144	7
190	BET	3	0.000144	7
191	BEY	3	4.8e-05	12
192	BIB	3	3.6e-05	11
193	BID	3	7.2e-05	9
194	BIG	3	5.4e-05	9
195	BIN	3	0.000108	7
196	BIO	3	0.000144	7
197	BIS	3	7.2e-05	7
198	BIT	3	0.000108	7
199	BIZ	3	1.8e-05	22
200	BOA	3	0.000144	7
201	BOB	3	3.2e-05	11
202	BOD	3	6.4e-05	9
203	BOG	3	4.8e-05	9
204	BOO	3	0.000128	7
205	BOP	3	3.2e-05	11
206	BOS	3	6.4e-05	7
207	BOT	3	9.6e-05	7
208	BOW	3	3.2e-05	12
209	BOX	3	1.6e-05	18
210	BOY	3	3.2e-05	12
211	BRA	3	0.000108	7
212	BRO	3	9.6e-05	7
213	BRR	3	7.2e-05	7
214	BUB	3	1.6e-05	11
215	BUD	3	3.2e-05	9
216	BUG	3	2.4e-05	9
217	BUM	3	1.6e-05	11
218	BUN	3	4.8e-05	7
219	BUR	3	4.8e-05	7
220	BUS	3	3.2e-05	7
221	BUT	3	4.8e-05	7
222	BUY	3	1.6e-05	12
223	BYE	3	4.8e-05	12
224	BYS	3	1.6e-05	12
225	CAB	3	3.6e-05	11
226	CAD	3	7.2e-05	9
227	CAM	3	3.6e-05	11
228	CAN	3	0.000108	7
229	CAP	3	3.6e-05	11
230	CAR	3	0.000108	7
231	CAT	3	0.000108	7
232	CAW	3	3.6e-05	12
233	CAY	3	3.6e-05	12
234	CEE	3	0.000288	7
235	CEL	3	9.6e-05	7
236	CEP	3	4.8e-05	11
237	CHI	3	3.6e-05	12
238	CIS	3	7.2e-05	7
239	COB	3	3.2e-05	11
240	COD	3	6.4e-05	9
241	COG	3	4.8e-05	9
242	COL	3	6.4e-05	7
243	CON	3	9.6e-05	7
244	COO	3	0.000128	7
245	COP	3	3.2e-05	11
246	COR	3	9.6e-05	7
247	COS	3	6.4e-05	7
248	COT	3	9.6e-05	7
249	COW	3	3.2e-05	12
250	COX	3	1.6e-05	18
251	COY	3	3.2e-05	12
252	COZ	3	1.6e-05	22
253	CRY	3	2.4e-05	12
254	CUB	3	1.6e-05	11
255	CUD	3	3.2e-05	9
256	CUE	3	9.6e-05	7
257	CUM	3	1.6e-05	11
258	CUP	3	1.6e-05	11
259	CUR	3	4.8e-05	7
260	CUT	3	4.8e-05	7
261	CWM	3	8e-06	15
262	DAB	3	7.2e-05	9
263	DAD	3	0.000144	7
264	DAG	3	0.000108	7
265	DAH	3	7.2e-05	11
266	DAK	3	3.6e-05	12
267	DAL	3	0.000144	6
268	DAM	3	7.2e-05	9
269	DAP	3	7.2e-05	9
270	DAW	3	7.2e-05	11
271	DAY	3	7.2e-05	11
272	DEB	3	9.6e-05	9
273	DEE	3	0.000576	6
274	DEL	3	0.000192	6
275	DEN	3	0.000288	6
276	DEV	3	9.6e-05	11
277	DEW	3	9.6e-05	11
278	DEX	3	4.8e-05	17
279	DEY	3	9.6e-05	11
280	DIB	3	7.2e-05	9
281	DID	3	0.000144	7
282	DIE	3	0.000432	6
283	DIG	3	0.000108	7
284	DIM	3	7.2e-05	9
285	DIN	3	0.000216	6
286	DIP	3	7.2e-05	9
287	DIS	3	0.000144	6
288	DIT	3	0.000216	6
289	DOC	3	6.4e-05	9
290	DOE	3	0.000384	6
291	DOG	3	9.6e-05	7
292	DOL	3	0.000128	6
293	DOM	3	6.4e-05	9
294	DON	3	0.000192	6
295	DOR	3	0.000192	6
296	DOS	3	0.000128	6
297	DOT	3	0.000192	6
298	DOW	3	6.4e-05	11
299	DRY	3	4.8e-05	11
300	DUB	3	3.2e-05	9
301	DUD	3	6.4e-05	7
302	DUE	3	0.000192	6
303	DUG	3	4.8e-05	7
304	DUI	3	0.000144	6
305	DUN	3	9.6e-05	6
306	DUO	3	0.000128	6
307	DUP	3	3.2e-05	9
308	DYE	3	9.6e-05	11
309	EAR	3	0.000648	4
310	EAT	3	0.000648	4
311	EAU	3	0.000432	4
312	EBB	3	4.8e-05	11
313	ECU	3	9.6e-05	7
314	EDH	3	9.6e-05	11
315	EEL	3	0.000576	4
316	EFF	3	4.8e-05	14
317	EFS	3	9.6e-05	9
318	EFT	3	0.000144	9
319	EGG	3	0.000108	7
320	EGO	3	0.000288	6
321	EKE	3	0.000144	11
322	ELD	3	0.000192	6
323	ELF	3	9.6e-05	9
324	ELK	3	4.8e-05	11
325	ELL	3	0.000192	4
326	ELM	3	9.6e-05	7
327	ELS	3	0.000192	4
328	EME	3	0.000288	7
329	EMF	3	4.8e-05	12
330	EMS	3	9.6e-05	7
331	EMU	3	9.6e-05	7
332	END	3	0.000288	6
333	ENG	3	0.000216	6
334	ENS	3	0.000288	4
335	EON	3	0.000576	4
336	ERA	3	0.000648	4
337	ERE	3	0.000864	4
338	ERG	3	0.000216	6
339	ERN	3	0.000432	4
340	ERR	3	0.000432	4
341	ERS	3	0.000288	4
342	ESS	3	0.000192	4
343	ETA	3	0.000648	4
344	ETH	3	0.000144	9
345	EVE	3	0.000288	9
346	EWE	3	0.000288	9
347	EYE	3	0.000288	9
348	FAD	3	7.2e-05	11
349	FAG	3	5.4e-05	11
350	FAN	3	0.000108	9
351	FAR	3	0.000108	9
352	FAS	3	7.2e-05	9
353	FAT	3	0.000108	9
354	FAX	3	1.8e-05	20
355	FAY	3	3.6e-05	14
356	FED	3	9.6e-05	11
357	FEE	3	0.000288	9
358	FEH	3	4.8e-05	14
359	FEM	3	4.8e-05	12
360	FEN	3	0.000144	9
361	FER	3	0.000144	9
362	FET	3	0.000144	9
363	FEU	3	9.6e-05	9
364	FEW	3	4.8e-05	14
365	FEY	3	4.8e-05	14
366	FEZ	3	2.4e-05	23
367	FIB	3	3.6e-05	12
368	FID	3	7.2e-05	11
369	FIE	3	0.000216	9
370	FIG	3	5.4e-05	11
371	FIL	3	7.2e-05	9
372	FIN	3	0.000108	9
373	FIR	3	0.000108	9
374	FIT	3	0.000108	9
375	FIX	3	1.8e-05	20
376	FIZ	3	1.8e-05	23
377	FLU	3	3.2e-05	9
378	FLY	3	1.6e-05	14
379	FOB	3	3.2e-05	12
380	FOE	3	0.000192	9
381	FOG	3	4.8e-05	11
382	FOH	3	3.2e-05	14
383	FON	3	9.6e-05	9
384	FOP	3	3.2e-05	12
385	FOR	3	9.6e-05	9
386	FOU	3	6.4e-05	9
387	FOX	3	1.6e-05	20
388	FOY	3	3.2e-05	14
389	FRO	3	9.6e-05	9
390	FRY	3	2.4e-05	14
391	FUB	3	1.6e-05	12
392	FUD	3	3.2e-05	11
393	FUG	3	2.4e-05	11
394	FUN	3	4.8e-05	9
395	FUR	3	4.8e-05	9
396	GAB	3	5.4e-05	9
397	GAD	3	0.000108	7
398	GAE	3	0.000324	6
399	GAG	3	8.1e-05	7
400	GAL	3	0.000108	6
401	GAM	3	5.4e-05	9
402	GAN	3	0.000162	6
403	GAP	3	5.4e-05	9
404	GAR	3	0.000162	6
405	GAS	3	0.000108	6
406	GAT	3	0.000162	6
407	GAY	3	5.4e-05	11
408	GED	3	0.000144	7
409	GEE	3	0.000432	6
410	GEL	3	0.000144	6
411	GEM	3	7.2e-05	9
412	GEN	3	0.000216	6
413	GET	3	0.000216	6
414	GEY	3	7.2e-05	11
415	GHI	3	5.4e-05	11
416	GIB	3	5.4e-05	9
417	GID	3	0.000108	7
418	GIE	3	0.000324	6
419	GIG	3	8.1e-05	7
420	GIN	3	0.000162	6
421	GIP	3	5.4e-05	9
422	GIT	3	0.000162	6
423	GNU	3	7.2e-05	6
424	GOA	3	0.000216	6
425	GOB	3	4.8e-05	9
426	GOD	3	9.6e-05	7
427	GOO	3	0.000192	6
428	GOR	3	0.000144	6
429	GOT	3	0.000144	6
430	GOX	3	2.4e-05	17
431	GOY	3	4.8e-05	11
432	GUL	3	4.8e-05	6
433	GUM	3	2.4e-05	9
434	GUN	3	7.2e-05	6
435	GUT	3	7.2e-05	6
436	GUV	3	2.4e-05	11
437	GUY	3	2.4e-05	11
438	GYM	3	1.2e-05	14
439	GYP	3	1.2e-05	14
440	HAD	3	7.2e-05	11
441	HAE	3	0.000216	9
442	HAG	3	5.4e-05	11
443	HAH	3	3.6e-05	14
444	HAJ	3	1.8e-05	20
445	HAM	3	3.6e-05	12
446	HAO	3	0.000144	9
447	HAP	3	3.6e-05	12
448	HAS	3	7.2e-05	9
449	HAT	3	0.000108	9
450	HAW	3	3.6e-05	14
451	HAY	3	3.6e-05	14
452	HEH	3	4.8e-05	14
453	HEM	3	4.8e-05	12
454	HEN	3	0.000144	9
455	HEP	3	4.8e-05	12
456	HER	3	0.000144	9
457	HES	3	9.6e-05	9
458	HET	3	0.000144	9
459	HEW	3	4.8e-05	14
460	HEX	3	2.4e-05	20
461	HEY	3	4.8e-05	14
462	HIC	3	3.6e-05	12
463	HID	3	7.2e-05	11
464	HIE	3	0.000216	9
465	HIM	3	3.6e-05	12
466	HIN	3	0.000108	9
467	HIP	3	3.6e-05	12
468	HIS	3	7.2e-05	9
469	HIT	3	0.000108	9
470	HMM	3	8e-06	15
471	HOB	3	3.2e-05	12
472	HOD	3	6.4e-05	11
473	HOE	3	0.000192	9
474	HOG	3	4.8e-05	11
475	HON	3	9.6e-05	9
476	HOP	3	3.2e-05	12
477	HOT	3	9.6e-05	9
478	HOW	3	3.2e-05	14
479	HOY	3	3.2e-05	14
480	HUB	3	1.6e-05	12
481	HUE	3	9.6e-05	9
482	HUG	3	2.4e-05	11
483	HUH	3	1.6e-05	14
484	HUM	3	1.6e-05	12
485	HUN	3	4.8e-05	9
486	HUP	3	1.6e-05	12
487	HUT	3	4.8e-05	9
488	HYP	3	8e-06	17
489	ICE	3	0.000216	7
490	ICH	3	3.6e-05	12
491	ICK	3	1.8e-05	14
492	ICY	3	3.6e-05	12
493	IDS	3	0.000144	6
494	IFF	3	3.6e-05	14
495	IFS	3	7.2e-05	9
496	ILK	3	3.6e-05	11
497	ILL	3	0.000144	4
498	IMP	3	3.6e-05	11
499	INK	3	5.4e-05	11
500	INN	3	0.000324	4
501	INS	3	0.000216	4
502	ION	3	0.000432	4
503	IRE	3	0.000648	4
504	IRK	3	5.4e-05	11
505	ISM	3	7.2e-05	7
506	ITS	3	0.000216	4
507	IVY	3	3.6e-05	14
508	JAB	3	1.8e-05	18
509	JAG	3	2.7e-05	17
510	JAM	3	1.8e-05	18
511	JAR	3	5.4e-05	15
512	JAW	3	1.8e-05	20
513	JAY	3	1.8e-05	20
514	JEE	3	0.000144	15
515	JET	3	7.2e-05	15
516	JEU	3	4.8e-05	15
517	JEW	3	2.4e-05	20
518	JIB	3	1.8e-05	18
519	JIG	3	2.7e-05	17
520	JIN	3	5.4e-05	15
521	JOB	3	1.6e-05	18
522	JOE	3	9.6e-05	15
523	JOG	3	2.4e-05	17
524	JOT	3	4.8e-05	15
525	JOW	3	1.6e-05	20
526	JOY	3	1.6e-05	20
527	JUG	3	1.2e-05	17
528	JUN	3	2.4e-05	15
529	JUS	3	1.6e-05	15
530	JUT	3	2.4e-05	15
531	KAB	3	1.8e-05	14
532	KAE	3	0.000108	11
533	KAF	3	1.8e-05	15
534	KAS	3	3.6e-05	11
535	KAT	3	5.4e-05	11
536	KAY	3	1.8e-05	15
537	KEA	3	0.000108	11
538	KEF	3	2.4e-05	15
539	KEG	3	3.6e-05	12
540	KEN	3	7.2e-05	11
541	KEP	3	2.4e-05	14
542	KEX	3	1.2e-05	22
543	KEY	3	2.4e-05	15
544	KHI	3	1.8e-05	15
545	KID	3	3.6e-05	12
546	KIF	3	1.8e-05	15
547	KIN	3	5.4e-05	11
548	KIP	3	1.8e-05	14
549	KIR	3	5.4e-05	11
550	KIT	3	5.4e-05	11
551	KOA	3	7.2e-05	11
552	KOB	3	1.6e-05	14
553	KOI	3	7.2e-05	11
554	KOP	3	1.6e-05	14
555	KOR	3	4.8e-05	11
556	KOS	3	3.2e-05	11
557	KUE	3	4.8e-05	11
558	LAB	3	7.2e-05	7
559	LAC	3	7.2e-05	7
560	LAD	3	0.000144	6
561	LAG	3	0.000108	6
562	LAM	3	7.2e-05	7
563	LAP	3	7.2e-05	7
564	LAR	3	0.000216	4
565	LAS	3	0.000144	4
566	LAT	3	0.000216	4
567	LAV	3	7.2e-05	9
568	LAW	3	7.2e-05	9
569	LAX	3	3.6e-05	15
570	LAY	3	7.2e-05	9
571	LEA	3	0.000432	4
572	LED	3	0.000192	6
573	LEE	3	0.000576	4
574	LEG	3	0.000144	6
575	LEI	3	0.000432	4
576	LEK	3	4.8e-05	11
577	LET	3	0.000288	4
578	LEU	3	0.000192	4
579	LEV	3	9.6e-05	9
580	LEX	3	4.8e-05	15
581	LEY	3	9.6e-05	9
582	LEZ	3	4.8e-05	18
583	LIB	3	7.2e-05	7
584	LID	3	0.000144	6
585	LIE	3	0.000432	4
586	LIN	3	0.000216	4
587	LIP	3	7.2e-05	7
588	LIS	3	0.000144	4
589	LIT	3	0.000216	4
590	LOB	3	6.4e-05	7
591	LOG	3	9.6e-05	6
592	LOO	3	0.000256	4
593	LOP	3	6.4e-05	7
594	LOT	3	0.000192	4
595	LOW	3	6.4e-05	9
596	LOX	3	3.2e-05	15
597	LUG	3	4.8e-05	6
598	LUM	3	3.2e-05	7
599	LUV	3	3.2e-05	9
600	LUX	3	1.6e-05	15
601	LYE	3	9.6e-05	9
602	MAC	3	3.6e-05	11
603	MAD	3	7.2e-05	9
604	MAE	3	0.000216	7
605	MAG	3	5.4e-05	9
606	MAN	3	0.000108	7
607	MAP	3	3.6e-05	11
608	MAR	3	0.000108	7
609	MAS	3	7.2e-05	7
610	MAT	3	0.000108	7
611	MAW	3	3.6e-05	12
612	MAX	3	1.8e-05	18
613	MAY	3	3.6e-05	12
614	MED	3	9.6e-05	9
615	MEL	3	9.6e-05	7
616	MEM	3	4.8e-05	11
617	MEN	3	0.000144	7
618	MET	3	0.000144	7
619	MEW	3	4.8e-05	12
620	MHO	3	3.2e-05	12
621	MIB	3	3.6e-05	11
622	MID	3	7.2e-05	9
623	MIG	3	5.4e-05	9
624	MIL	3	7.2e-05	7
625	MIM	3	3.6e-05	11
626	MIR	3	0.000108	7
627	MIS	3	7.2e-05	7
628	MIX	3	1.8e-05	18
629	MOA	3	0.000144	7
630	MOB	3	3.2e-05	11
631	MOC	3	3.2e-05	11
632	MOD	3	6.4e-05	9
633	MOG	3	4.8e-05	9
634	MOL	3	6.4e-05	7
635	MOM	3	3.2e-05	11
636	MON	3	9.6e-05	7
637	MOO	3	0.000128	7
638	MOP	3	3.2e-05	11
639	MOR	3	9.6e-05	7
640	MOS	3	6.4e-05	7
641	MOT	3	9.6e-05	7
642	MOW	3	3.2e-05	12
643	MUD	3	3.2e-05	9
644	MUG	3	2.4e-05	9
645	MUM	3	1.6e-05	11
646	MUN	3	4.8e-05	7
647	MUS	3	3.2e-05	7
648	MUT	3	4.8e-05	7
649	NAB	3	0.000108	7
650	NAE	3	0.000648	4
651	NAG	3	0.000162	6
652	NAH	3	0.000108	9
653	NAM	3	0.000108	7
654	NAN	3	0.000324	4
655	NAP	3	0.000108	7
656	NAW	3	0.000108	9
657	NAY	3	0.000108	9
658	NEB	3	0.000144	7
659	NEE	3	0.000864	4
660	NET	3	0.000432	4
661	NEW	3	0.000144	9
662	NIB	3	0.000108	7
663	NIL	3	0.000216	4
664	NIM	3	0.000108	7
665	NIP	3	0.000108	7
666	NIT	3	0.000324	4
667	NIX	3	5.4e-05	15
668	NOB	3	9.6e-05	7
669	NOD	3	0.000192	6
670	NOG	3	0.000144	6
671	NOH	3	9.6e-05	9
672	NOM	3	9.6e-05	7
673	NOO	3	0.000384	4
674	NOR	3	0.000288	4
675	NOS	3	0.000192	4
676	NOT	3	0.000288	4
677	NOW	3	9.6e-05	9
678	NTH	3	7.2e-05	9
679	NUB	3	4.8e-05	7
680	NUN	3	0.000144	4
681	NUS	3	9.6e-05	4
682	NUT	3	0.000144	4
683	OAF	3	0.000144	9
684	OAK	3	7.2e-05	11
685	OAR	3	0.000432	4
686	OAT	3	0.000432	4
687	OBE	3	0.000192	7
688	OBI	3	0.000144	7
689	OCA	3	0.000144	7
690	ODD	3	0.000128	7
691	ODE	3	0.000384	6
692	ODS	3	0.000128	6
693	OES	3	0.000384	4
694	OFF	3	3.2e-05	14
695	OFT	3	9.6e-05	9
696	OHM	3	3.2e-05	12
697	OHO	3	0.000128	9
698	OHS	3	6.4e-05	9
699	OIL	3	0.000288	4
700	OKA	3	7.2e-05	11
701	OKE	3	9.6e-05	11
702	OLD	3	0.000128	6
703	OLE	3	0.000384	4
704	OMS	3	6.4e-05	7
705	ONE	3	0.000576	4
706	ONS	3	0.000192	4
707	OOH	3	0.000128	9
708	OOT	3	0.000384	4
709	OPE	3	0.000192	7
710	OPS	3	6.4e-05	7
711	OPT	3	9.6e-05	7
712	ORA	3	0.000432	4
713	ORB	3	9.6e-05	7
714	ORC	3	9.6e-05	7
715	ORE	3	0.000576	4
716	ORS	3	0.000192	4
717	ORT	3	0.000288	4
718	OSE	3	0.000384	4
719	OUD	3	0.000128	6
720	OUR	3	0.000192	4
721	OUT	3	0.000192	4
722	OVA	3	0.000144	9
723	OWE	3	0.000192	9
724	OWL	3	6.4e-05	9
725	OWN	3	9.6e-05	9
726	OXO	3	6.4e-05	15
727	OXY	3	1.6e-05	20
728	PAC	3	3.6e-05	11
729	PAD	3	7.2e-05	9
730	PAH	3	3.6e-05	12
731	PAL	3	7.2e-05	7
732	PAM	3	3.6e-05	11
733	PAN	3	0.000108	7
734	PAP	3	3.6e-05	11
735	PAR	3	0.000108	7
736	PAS	3	7.2e-05	7
737	PAT	3	0.000108	7
738	PAW	3	3.6e-05	12
739	PAX	3	1.8e-05	18
740	PAY	3	3.6e-05	12
741	PEA	3	0.000216	7
742	PEC	3	4.8e-05	11
743	PED	3	9.6e-05	9
744	PEE	3	0.000288	7
745	PEG	3	7.2e-05	9
746	PEH	3	4.8e-05	12
747	PEN	3	0.000144	7
748	PEP	3	4.8e-05	11
749	PER	3	0.000144	7
750	PES	3	9.6e-05	7
751	PET	3	0.000144	7
752	PEW	3	4.8e-05	12
753	PHI	3	3.6e-05	12
754	PHT	3	2.4e-05	12
755	PIA	3	0.000162	7
756	PIC	3	3.6e-05	11
757	PIE	3	0.000216	7
758	PIG	3	5.4e-05	9
759	PIN	3	0.000108	7
760	PIP	3	3.6e-05	11
761	PIS	3	7.2e-05	7
762	PIT	3	0.000108	7
763	PIU	3	7.2e-05	7
764	PIX	3	1.8e-05	18
765	PLY	3	1.6e-05	12
766	POD	3	6.4e-05	9
767	POH	3	3.2e-05	12
768	POI	3	0.000144	7
769	POL	3	6.4e-05	7
770	POM	3	3.2e-05	11
771	POP	3	3.2e-05	11
772	POT	3	9.6e-05	7
773	POW	3	3.2e-05	12
774	POX	3	1.6e-05	18
775	PRO	3	9.6e-05	7
776	PRY	3	2.4e-05	12
777	PSI	3	7.2e-05	7
778	PUB	3	1.6e-05	11
779	PUD	3	3.2e-05	9
780	PUG	3	2.4e-05	9
781	PUL	3	3.2e-05	7
782	PUN	3	4.8e-05	7
783	PUP	3	1.6e-05	11
784	PUR	3	4.8e-05	7
785	PUS	3	3.2e-05	7
786	PUT	3	4.8e-05	7
787	PYA	3	3.6e-05	12
788	PYE	3	4.8e-05	12
789	PYX	3	4e-06	23
790	QAT	3	5.4e-05	18
791	QUA	3	3.6e-05	18
792	RAD	3	0.000216	6
793	RAG	3	0.000162	6
794	RAH	3	0.000108	9
795	RAJ	3	5.4e-05	15
796	RAM	3	0.000108	7
797	RAN	3	0.000324	4
798	RAP	3	0.000108	7
799	RAS	3	0.000216	4
800	RAT	3	0.000324	4
801	RAW	3	0.000108	9
802	RAX	3	5.4e-05	15
803	RAY	3	0.000108	9
804	REB	3	0.000144	7
805	REC	3	0.000144	7
806	RED	3	0.000288	6
807	REE	3	0.000864	4
808	REF	3	0.000144	9
809	REG	3	0.000216	6
810	REI	3	0.000648	4
811	REM	3	0.000144	7
812	REP	3	0.000144	7
813	RES	3	0.000288	4
814	RET	3	0.000432	4
815	REV	3	0.000144	9
816	REX	3	7.2e-05	15
817	RHO	3	9.6e-05	9
818	RIA	3	0.000486	4
819	RIB	3	0.000108	7
820	RID	3	0.000216	6
821	RIF	3	0.000108	9
822	RIG	3	0.000162	6
823	RIM	3	0.000108	7
824	RIN	3	0.000324	4
825	RIP	3	0.000108	7
826	ROB	3	9.6e-05	7
827	ROC	3	9.6e-05	7
828	ROD	3	0.000192	6
829	ROE	3	0.000576	4
830	ROM	3	9.6e-05	7
831	ROT	3	0.000288	4
832	ROW	3	9.6e-05	9
833	RUB	3	4.8e-05	7
834	RUE	3	0.000288	4
835	RUG	3	7.2e-05	6
836	RUM	3	4.8e-05	7
837	RUN	3	0.000144	4
838	RUT	3	0.000144	4
839	RYA	3	0.000108	9
840	RYE	3	0.000144	9
841	SAB	3	7.2e-05	7
842	SAC	3	7.2e-05	7
843	SAD	3	0.000144	6
844	SAE	3	0.000432	4
845	SAG	3	0.000108	6
846	SAL	3	0.000144	4
847	SAP	3	7.2e-05	7
848	SAT	3	0.000216	4
849	SAU	3	0.000144	4
850	SAW	3	7.2e-05	9
851	SAX	3	3.6e-05	15
852	SAY	3	7.2e-05	9
853	SEA	3	0.000432	4
854	SEC	3	9.6e-05	7
855	SEE	3	0.000576	4
856	SEG	3	0.000144	6
857	SEI	3	0.000432	4
858	SEL	3	0.000192	4
859	SEN	3	0.000288	4
860	SER	3	0.000288	4
861	SET	3	0.000288	4
862	SEW	3	9.6e-05	9
863	SEX	3	4.8e-05	15
864	SHA	3	7.2e-05	9
865	SHE	3	9.6e-05	9
866	SHH	3	1.6e-05	14
867	SHY	3	1.6e-05	14
868	SIB	3	7.2e-05	7
869	SIC	3	7.2e-05	7
870	SIM	3	7.2e-05	7
871	SIN	3	0.000216	4
872	SIP	3	7.2e-05	7
873	SIR	3	0.000216	4
874	SIS	3	0.000144	4
875	SIT	3	0.000216	4
876	SIX	3	3.6e-05	15
877	SKA	3	3.6e-05	11
878	SKI	3	3.6e-05	11
879	SKY	3	8e-06	15
880	SLY	3	3.2e-05	9
881	SOB	3	6.4e-05	7
882	SOD	3	0.000128	6
883	SOL	3	0.000128	4
884	SON	3	0.000192	4
885	SOP	3	6.4e-05	7
886	SOS	3	0.000128	4
887	SOT	3	0.000192	4
888	SOU	3	0.000128	4
889	SOW	3	6.4e-05	9
890	SOX	3	3.2e-05	15
891	SOY	3	6.4e-05	9
892	SPA	3	7.2e-05	7
893	SPY	3	1.6e-05	12
894	SRI	3	0.000216	4
895	STY	3	4.8e-05	9
896	SUB	3	3.2e-05	7
897	SUE	3	0.000192	4
898	SUM	3	3.2e-05	7
899	SUN	3	9.6e-05	4
900	SUP	3	3.2e-05	7
901	SUQ	3	1.6e-05	18
902	SYN	3	4.8e-05	9
903	TAB	3	0.000108	7
904	TAD	3	0.000216	6
905	TAE	3	0.000648	4
906	TAG	3	0.000162	6
907	TAJ	3	5.4e-05	15
908	TAM	3	0.000108	7
909	TAN	3	0.000324	4
910	TAO	3	0.000432	4
911	TAP	3	0.000108	7
912	TAR	3	0.000324	4
913	TAS	3	0.000216	4
914	TAT	3	0.000324	4
915	TAU	3	0.000216	4
916	TAV	3	0.000108	9
917	TAW	3	0.000108	9
918	TAX	3	5.4e-05	15
919	TEA	3	0.000648	4
920	TED	3	0.000288	6
921	TEE	3	0.000864	4
922	TEG	3	0.000216	6
923	TEL	3	0.000288	4
924	TEN	3	0.000432	4
925	TET	3	0.000432	4
926	TEW	3	0.000144	9
927	THE	3	0.000144	9
928	THO	3	9.6e-05	9
929	THY	3	2.4e-05	14
930	TIC	3	0.000108	7
931	TIE	3	0.000648	4
932	TIL	3	0.000216	4
933	TIN	3	0.000324	4
934	TIP	3	0.000108	7
935	TIS	3	0.000216	4
936	TIT	3	0.000324	4
937	TOD	3	0.000192	6
938	TOE	3	0.000576	4
939	TOG	3	0.000144	6
940	TOM	3	9.6e-05	7
941	TON	3	0.000288	4
942	TOO	3	0.000384	4
943	TOP	3	9.6e-05	7
944	TOR	3	0.000288	4
945	TOT	3	0.000288	4
946	TOW	3	9.6e-05	9
947	TOY	3	9.6e-05	9
948	TRY	3	7.2e-05	9
949	TSK	3	2.4e-05	11
950	TUB	3	4.8e-05	7
951	TUG	3	7.2e-05	6
952	TUI	3	0.000216	4
953	TUN	3	0.000144	4
954	TUP	3	4.8e-05	7
955	TUT	3	0.000144	4
956	TUX	3	2.4e-05	15
957	TWA	3	0.000108	9
958	TWO	3	9.6e-05	9
959	TYE	3	0.000144	9
960	UDO	3	0.000128	6
961	UGH	3	2.4e-05	11
962	UKE	3	4.8e-05	11
963	ULU	3	6.4e-05	4
964	UMM	3	1.6e-05	11
965	UMP	3	1.6e-05	11
966	UNS	3	9.6e-05	4
967	UPO	3	6.4e-05	7
968	UPS	3	3.2e-05	7
969	URB	3	4.8e-05	7
970	URD	3	9.6e-05	6
971	URN	3	0.000144	4
972	USE	3	0.000192	4
973	UTA	3	0.000216	4
974	UTS	3	9.6e-05	4
975	VAC	3	3.6e-05	12
976	VAN	3	0.000108	9
977	VAR	3	0.000108	9
978	VAS	3	7.2e-05	9
979	VAT	3	0.000108	9
980	VAU	3	7.2e-05	9
981	VAV	3	3.6e-05	14
982	VAW	3	3.6e-05	14
983	VEE	3	0.000288	9
984	VEG	3	7.2e-05	11
985	VET	3	0.000144	9
986	VEX	3	2.4e-05	20
987	VIA	3	0.000162	9
988	VIE	3	0.000216	9
989	VIG	3	5.4e-05	11
990	VIM	3	3.6e-05	12
991	VIS	3	7.2e-05	9
992	VOE	3	0.000192	9
993	VOW	3	3.2e-05	14
994	VOX	3	1.6e-05	20
995	VUG	3	2.4e-05	11
996	WAB	3	3.6e-05	12
997	WAD	3	7.2e-05	11
998	WAE	3	0.000216	9
999	WAG	3	5.4e-05	11
1000	WAN	3	0.000108	9
1001	WAP	3	3.6e-05	12
1002	WAR	3	0.000108	9
1003	WAS	3	7.2e-05	9
1004	WAT	3	0.000108	9
1005	WAW	3	3.6e-05	14
1006	WAX	3	1.8e-05	20
1007	WAY	3	3.6e-05	14
1008	WEB	3	4.8e-05	12
1009	WED	3	9.6e-05	11
1010	WEE	3	0.000288	9
1011	WEN	3	0.000144	9
1012	WET	3	0.000144	9
1013	WHA	3	3.6e-05	14
1014	WHO	3	3.2e-05	14
1015	WHY	3	8e-06	18
1016	WIG	3	5.4e-05	11
1017	WIN	3	0.000108	9
1018	WIS	3	7.2e-05	9
1019	WIT	3	0.000108	9
1020	WIZ	3	1.8e-05	23
1021	WOE	3	0.000192	9
1022	WOG	3	4.8e-05	11
1023	WOK	3	1.6e-05	15
1024	WON	3	9.6e-05	9
1025	WOO	3	0.000128	9
1026	WOP	3	3.2e-05	12
1027	WOS	3	6.4e-05	9
1028	WOT	3	9.6e-05	9
1029	WOW	3	3.2e-05	14
1030	WRY	3	2.4e-05	14
1031	WUD	3	3.2e-05	11
1032	WYE	3	4.8e-05	14
1033	WYN	3	2.4e-05	14
1034	XIS	3	3.6e-05	15
1035	YAH	3	3.6e-05	14
1036	YAK	3	1.8e-05	15
1037	YAM	3	3.6e-05	12
1038	YAP	3	3.6e-05	12
1039	YAR	3	0.000108	9
1040	YAW	3	3.6e-05	14
1041	YAY	3	3.6e-05	14
1042	YEA	3	0.000216	9
1043	YEH	3	4.8e-05	14
1044	YEN	3	0.000144	9
1045	YEP	3	4.8e-05	12
1046	YES	3	9.6e-05	9
1047	YET	3	0.000144	9
1048	YEW	3	4.8e-05	14
1049	YID	3	7.2e-05	11
1050	YIN	3	0.000108	9
1051	YIP	3	3.6e-05	12
1052	YOB	3	3.2e-05	12
1053	YOD	3	6.4e-05	11
1054	YOK	3	1.6e-05	15
1055	YOM	3	3.2e-05	12
1056	YON	3	9.6e-05	9
1057	YOU	3	6.4e-05	9
1058	YOW	3	3.2e-05	14
1059	YUK	3	8e-06	15
1060	YUM	3	1.6e-05	12
1061	YUP	3	1.6e-05	12
1062	ZAG	3	2.7e-05	20
1063	ZAP	3	1.8e-05	22
1064	ZAX	3	9e-06	30
1065	ZED	3	4.8e-05	20
1066	ZEE	3	0.000144	18
1067	ZEK	3	1.2e-05	25
1068	ZIG	3	2.7e-05	20
1069	ZIN	3	5.4e-05	18
1070	ZIP	3	1.8e-05	22
1071	ZIT	3	5.4e-05	18
1072	ZOA	3	7.2e-05	18
1073	ZOO	3	6.4e-05	18
1074	AAHS	4	6.48e-06	11
1075	AALS	4	1.296e-05	6
1076	ABAS	4	6.48e-06	10
1077	ABBA	4	3.24e-06	13
1078	ABBE	4	4.32e-06	13
1079	ABED	4	8.64e-06	11
1080	ABET	4	1.296e-05	10
1081	ABLE	4	8.64e-06	10
1082	ABLY	4	1.44e-06	15
1083	ABOS	4	5.76e-06	10
1084	ABRI	4	9.72e-06	10
1085	ABUT	4	4.32e-06	10
1086	ABYE	4	4.32e-06	15
1087	ABYS	4	1.44e-06	15
1088	ACED	4	8.64e-06	11
1089	ACES	4	8.64e-06	10
1090	ACHE	4	4.32e-06	15
1091	ACHY	4	7.2e-07	20
1092	ACID	4	6.48e-06	11
1093	ACME	4	4.32e-06	13
1094	ACNE	4	1.296e-05	10
1095	ACRE	4	1.296e-05	10
1096	ACTA	4	9.72e-06	10
1097	ACTS	4	4.32e-06	10
1098	ACYL	4	1.44e-06	15
1099	ADDS	4	5.76e-06	10
1100	ADIT	4	1.944e-05	8
1101	ADOS	4	1.152e-05	8
1102	ADZE	4	4.32e-06	23
1103	AEON	4	5.184e-05	6
1104	AERO	4	5.184e-05	6
1105	AERY	4	1.296e-05	12
1106	AFAR	4	9.72e-06	11
1107	AGAR	4	1.458e-05	8
1108	AGAS	4	9.72e-06	8
1109	AGED	4	1.296e-05	10
1110	AGEE	4	3.888e-05	8
1111	AGER	4	1.944e-05	8
1112	AGES	4	1.296e-05	8
1113	AGHA	4	4.86e-06	13
1114	AGIN	4	1.458e-05	8
1115	AGIO	4	1.944e-05	8
1116	AGLY	4	2.16e-06	13
1117	AGMA	4	4.86e-06	11
1118	AGOG	4	6.48e-06	10
1119	AGON	4	1.296e-05	8
1120	AGUE	4	1.296e-05	8
1121	AHEM	4	4.32e-06	15
1122	AHOY	4	2.88e-06	17
1123	AIDE	4	3.888e-05	8
1124	AIDS	4	1.296e-05	8
1125	AILS	4	1.296e-05	6
1126	AIMS	4	6.48e-06	10
1127	AINS	4	1.944e-05	6
1128	AIRN	4	2.916e-05	6
